import numpy as np
means = np.array([[4,1,80, 1000, 999],
         [5,7,30, 900, 992],
         [6,2,20,600,1005],
         [4,1,80,1000,999],
         [3,6,60,800,999],
         [7,4,70,400,998],
         [2,5,40,500,1008],
         [5,7,30,900,992],
         [1,3,100,700,1003],
         [5,7,30,900,992]])

#numbers generated randomly, can be adjusted to properly match variables
covariance = np.array([
    np.array([[2.43370236, 1.96928333, 2.2649556 , 1.36648554, 0.91086723],
              [1.96928333, 2.33412696, 2.31749264, 1.37787204, 0.93649245],
              [2.2649556 , 2.31749264, 2.54714414, 1.71644881, 1.19874996],
              [1.36648554, 1.37787204, 1.71644881, 1.61721311, 0.81989834],
              [0.91086723, 0.93649245, 1.19874996, 0.81989834, 1.19694951]]),
    np.array([[2.36209963, 1.30693722, 1.68020726, 1.49265686, 1.31675127],
              [1.30693722, 0.87900114, 0.8665976 , 0.87375834, 0.71336544],
              [1.68020726, 0.8665976 , 1.75373594, 1.32316062, 1.22651407],
              [1.49265686, 0.87375834, 1.32316062, 1.37556741, 0.95805925],
              [1.31675127, 0.71336544, 1.22651407, 0.95805925, 0.98911773]]),
    np.array([[2.17707102, 1.53567284, 0.99510838, 1.48802564, 1.05775472],
              [1.53567284, 1.56915418, 0.91777114, 0.97558459, 0.87634612],
              [0.99510838, 0.91777114, 1.27788838, 0.97306047, 1.20548324],
              [1.48802564, 0.97558459, 0.97306047, 1.30599106, 1.21228024],
              [1.05775472, 0.87634612, 1.20548324, 1.21228024, 1.61251273]]),
    np.array([[2.69315697, 2.43574201, 1.28664856, 1.88555049, 1.00099728],
              [2.43574201, 2.35263565, 1.21233539, 1.87344017, 0.93752842],
              [1.28664856, 1.21233539, 1.10185047, 1.31586821, 0.54914717],
              [1.88555049, 1.87344017, 1.31586821, 2.19947447, 0.63402768],
              [1.00099728, 0.93752842, 0.54914717, 0.63402768, 0.44402871]]),
    np.array([[3.19850274, 1.65614641, 1.81872949, 1.81091953, 2.64625827],
              [1.65614641, 1.20689574, 0.66302222, 0.68989514, 0.9461003 ],
              [1.81872949, 0.66302222, 1.47460559, 1.57528832, 1.84294949],
              [1.81091953, 0.68989514, 1.57528832, 1.91235047, 1.77746946],
              [2.64625827, 0.9461003 , 1.84294949, 1.77746946, 2.71990888]]),
    np.array([[1.28804474, 1.1151037 , 0.45157141, 1.55268132, 1.28546756],
              [1.1151037 , 1.54571202, 0.78651788, 1.47243495, 1.73743363],
              [0.45157141, 0.78651788, 0.91887583, 0.61840175, 1.05247172],
              [1.55268132, 1.47243495, 0.61840175, 1.94758691, 1.630261  ],
              [1.28546756, 1.73743363, 1.05247172, 1.630261  , 2.09157719]]),
    np.array([[1.82550012, 0.65275165, 1.14553266, 0.78250297, 1.47711983],
              [0.65275165, 0.28139499, 0.52435073, 0.29725547, 0.50027941],
              [1.14553266, 0.52435073, 1.04182072, 0.49020345, 0.9698518 ],
              [0.78250297, 0.29725547, 0.49020345, 0.42255546, 0.5617337 ],
              [1.47711983, 0.50027941, 0.9698518 , 0.5617337 , 1.5758493 ]]),
    np.array([[1.65560339, 1.03211842, 1.32945431, 1.15704345, 1.31069117],
              [1.03211842, 1.5651146 , 1.20743951, 1.34652189, 1.38283823],
              [1.32945431, 1.20743951, 1.60469206, 0.69706385, 1.10328084],
              [1.15704345, 1.34652189, 0.69706385, 1.87856924, 1.54326352],
              [1.31069117, 1.38283823, 1.10328084, 1.54326352, 1.47734251]]),
    np.array([[1.56607316, 1.28075101, 1.27950692, 1.58401586, 1.4366196 ],
              [1.28075101, 1.5498445 , 0.95058255, 1.84789076, 1.48558499],
              [1.27950692, 0.95058255, 1.14364668, 1.22054987, 1.21620354],
              [1.58401586, 1.84789076, 1.22054987, 2.75178924, 1.84024966],
              [1.4366196 , 1.48558499, 1.21620354, 1.84024966, 1.96404749]]),
    np.array([[1.54939245, 0.96683538, 0.29364466, 1.36179544, 1.11618665],
              [0.96683538, 0.96291582, 0.2855738 , 1.02748988, 0.95820654],
              [0.29364466, 0.2855738 , 0.310846  , 0.43707267, 0.3212224 ],
              [1.36179544, 1.02748988, 0.43707267, 1.82573918, 1.00700835],
              [1.11618665, 0.95820654, 0.3212224 , 1.00700835, 1.03575096]])
])

np.savez("clean-means-variances.npz", covariance=covariance, means=means)
